5.565515518188476562e+01
5.565615518188476329e+01
5.565715518188476096e+01
5.565815518188475863e+01
5.565915518188475630e+01
5.566015518188475397e+01
5.566115518188475164e+01
5.566215518188474931e+01
5.566315518188474698e+01
5.566415518188474465e+01
5.566515518188474232e+01
5.566615518188473999e+01
5.566715518188473766e+01
5.566815518188473533e+01
5.566915518188473300e+01
5.567015518188473067e+01
5.567115518188472834e+01
5.567215518188472601e+01
5.567315518188472367e+01
5.567415518188472134e+01
5.567515518188471901e+01
5.567615518188471668e+01
5.567715518188471435e+01
5.567815518188471202e+01
5.567915518188470969e+01
5.568015518188470736e+01
5.568115518188470503e+01
5.568215518188470270e+01
5.568315518188470037e+01
5.568415518188469804e+01
5.568515518188469571e+01
5.568615518188469338e+01
5.568715518188469105e+01
5.568815518188468872e+01
5.568915518188468639e+01
5.569015518188468405e+01
5.569115518188468172e+01
5.569215518188467939e+01
5.569315518188467706e+01
5.569415518188467473e+01
5.569515518188467240e+01
5.569615518188467007e+01
5.569715518188466774e+01
5.569815518188466541e+01
5.569915518188466308e+01
5.570015518188466075e+01
5.570115518188465842e+01
5.570215518188465609e+01
5.570315518188465376e+01
5.570415518188465143e+01
5.570515518188464910e+01
5.570615518188464677e+01
5.570715518188464443e+01
5.570815518188464210e+01
5.570915518188463977e+01
5.571015518188463744e+01
5.571115518188463511e+01
5.571215518188463278e+01
5.571315518188463045e+01
5.571415518188462812e+01
5.571515518188462579e+01
5.571615518188462346e+01
5.571715518188462113e+01
5.571815518188461880e+01
5.571915518188461647e+01
5.572015518188461414e+01
5.572115518188461181e+01
5.572215518188460948e+01
5.572315518188460715e+01
5.572415518188460481e+01
5.572515518188460248e+01
5.572615518188460015e+01
5.572715518188459782e+01
5.572815518188459549e+01
5.572915518188459316e+01
5.573015518188459083e+01
5.573115518188458850e+01
5.573215518188458617e+01
5.573315518188458384e+01
5.573415518188458151e+01
5.573515518188457918e+01
5.573615518188457685e+01
5.573715518188457452e+01
5.573815518188457219e+01
5.573915518188456986e+01
5.574015518188456753e+01
5.574115518188456520e+01
5.574215518188456286e+01
5.574315518188456053e+01
5.574415518188455820e+01
5.574515518188455587e+01
5.574615518188455354e+01
5.574715518188455121e+01
5.574815518188454888e+01
5.574915518188454655e+01
5.575015518188454422e+01
5.575115518188454189e+01
5.575215518188453956e+01
5.575315518188453723e+01
