3.749541473388671875e+01
3.749641473388671642e+01
3.749741473388671409e+01
3.749841473388671176e+01
3.749941473388670943e+01
3.750041473388670710e+01
3.750141473388670477e+01
3.750241473388670244e+01
3.750341473388670011e+01
3.750441473388669777e+01
3.750541473388669544e+01
3.750641473388669311e+01
3.750741473388669078e+01
3.750841473388668845e+01
3.750941473388668612e+01
3.751041473388668379e+01
3.751141473388668146e+01
3.751241473388667913e+01
3.751341473388667680e+01
3.751441473388667447e+01
3.751541473388667214e+01
3.751641473388666981e+01
3.751741473388666748e+01
3.751841473388666515e+01
3.751941473388666282e+01
3.752041473388666049e+01
3.752141473388665815e+01
3.752241473388665582e+01
3.752341473388665349e+01
3.752441473388665116e+01
3.752541473388664883e+01
3.752641473388664650e+01
3.752741473388664417e+01
3.752841473388664184e+01
3.752941473388663951e+01
3.753041473388663718e+01
3.753141473388663485e+01
3.753241473388663252e+01
3.753341473388663019e+01
3.753441473388662786e+01
3.753541473388662553e+01
3.753641473388662320e+01
3.753741473388662087e+01
3.753841473388661854e+01
3.753941473388661620e+01
3.754041473388661387e+01
3.754141473388661154e+01
3.754241473388660921e+01
3.754341473388660688e+01
3.754441473388660455e+01
3.754541473388660222e+01
3.754641473388659989e+01
3.754741473388659756e+01
3.754841473388659523e+01
3.754941473388659290e+01
3.755041473388659057e+01
3.755141473388658824e+01
3.755241473388658591e+01
3.755341473388658358e+01
3.755441473388658125e+01
3.755541473388657892e+01
3.755641473388657658e+01
3.755741473388657425e+01
3.755841473388657192e+01
3.755941473388656959e+01
3.756041473388656726e+01
3.756141473388656493e+01
3.756241473388656260e+01
3.756341473388656027e+01
3.756441473388655794e+01
3.756541473388655561e+01
3.756641473388655328e+01
3.756741473388655095e+01
3.756841473388654862e+01
3.756941473388654629e+01
3.757041473388654396e+01
3.757141473388654163e+01
3.757241473388653930e+01
3.757341473388653696e+01
3.757441473388653463e+01
3.757541473388653230e+01
3.757641473388652997e+01
3.757741473388652764e+01
3.757841473388652531e+01
3.757941473388652298e+01
3.758041473388652065e+01
3.758141473388651832e+01
3.758241473388651599e+01
3.758341473388651366e+01
3.758441473388651133e+01
3.758541473388650900e+01
3.758641473388650667e+01
3.758741473388650434e+01
3.758841473388650201e+01
3.758941473388649968e+01
3.759041473388649734e+01
3.759141473388649501e+01
3.759241473388649268e+01
3.759341473388649035e+01
3.759441473388648802e+01
3.759541473388648569e+01
3.759641473388648336e+01
3.759741473388648103e+01
3.759841473388647870e+01
3.759941473388647637e+01
3.760041473388647404e+01
3.760141473388647171e+01
3.760241473388646938e+01
3.760341473388646705e+01
3.760441473388646472e+01
3.760541473388646239e+01
3.760641473388646006e+01
3.760741473388645773e+01
3.760841473388645539e+01
3.760941473388645306e+01
3.761041473388645073e+01
3.761141473388644840e+01
3.761241473388644607e+01
3.761341473388644374e+01
3.761441473388644141e+01
3.761541473388643908e+01
3.761641473388643675e+01
3.761741473388643442e+01
3.761841473388643209e+01
3.761941473388642976e+01
3.762041473388642743e+01
3.762141473388642510e+01
3.762241473388642277e+01
3.762341473388642044e+01
3.762441473388641811e+01
3.762541473388641577e+01
3.762641473388641344e+01
3.762741473388641111e+01
3.762841473388640878e+01
3.762941473388640645e+01
3.763041473388640412e+01
3.763141473388640179e+01
3.763241473388639946e+01
3.763341473388639713e+01
3.763441473388639480e+01
3.763541473388639247e+01
3.763641473388639014e+01
3.763741473388638781e+01
3.763841473388638548e+01
3.763941473388638315e+01
3.764041473388638082e+01
3.764141473388637849e+01
3.764241473388637615e+01
3.764341473388637382e+01
3.764441473388637149e+01
3.764541473388636916e+01
3.764641473388636683e+01
3.764741473388636450e+01
3.764841473388636217e+01
3.764941473388635984e+01
3.765041473388635751e+01
3.765141473388635518e+01
3.765241473388635285e+01
3.765341473388635052e+01
3.765441473388634819e+01
3.765541473388634586e+01
3.765641473388634353e+01
3.765741473388634120e+01
3.765841473388633887e+01
3.765941473388633653e+01
3.766041473388633420e+01
3.766141473388633187e+01
3.766241473388632954e+01
3.766341473388632721e+01
3.766441473388632488e+01
3.766541473388632255e+01
3.766641473388632022e+01
3.766741473388631789e+01
3.766841473388631556e+01
3.766941473388631323e+01
3.767041473388631090e+01
3.767141473388630857e+01
3.767241473388630624e+01
3.767341473388630391e+01
3.767441473388630158e+01
3.767541473388629925e+01
3.767641473388629691e+01
3.767741473388629458e+01
3.767841473388629225e+01
3.767941473388628992e+01
3.768041473388628759e+01
3.768141473388628526e+01
3.768241473388628293e+01
3.768341473388628060e+01
3.768441473388627827e+01
3.768541473388627594e+01
3.768641473388627361e+01
3.768741473388627128e+01
3.768841473388626895e+01
3.768941473388626662e+01
3.769041473388626429e+01
3.769141473388626196e+01
3.769241473388625963e+01
3.769341473388625730e+01
3.769441473388625496e+01
3.769541473388625263e+01
3.769641473388625030e+01
3.769741473388624797e+01
3.769841473388624564e+01
3.769941473388624331e+01
3.770041473388624098e+01
3.770141473388623865e+01
3.770241473388623632e+01
3.770341473388623399e+01
3.770441473388623166e+01
3.770541473388622933e+01
3.770641473388622700e+01
3.770741473388622467e+01
3.770841473388622234e+01
3.770941473388622001e+01
3.771041473388621768e+01
3.771141473388621534e+01
3.771241473388621301e+01
3.771341473388621068e+01
3.771441473388620835e+01
3.771541473388620602e+01
3.771641473388620369e+01
3.771741473388620136e+01
3.771841473388619903e+01
3.771941473388619670e+01
3.772041473388619437e+01
3.772141473388619204e+01
3.772241473388618971e+01
3.772341473388618738e+01
3.772441473388618505e+01
3.772541473388618272e+01
3.772641473388618039e+01
3.772741473388617806e+01
3.772841473388617572e+01
3.772941473388617339e+01
3.773041473388617106e+01
3.773141473388616873e+01
3.773241473388616640e+01
3.773341473388616407e+01
3.773441473388616174e+01
3.773541473388615941e+01
3.773641473388615708e+01
3.773741473388615475e+01
3.773841473388615242e+01
3.773941473388615009e+01
3.774041473388614776e+01
3.774141473388614543e+01
3.774241473388614310e+01
3.774341473388614077e+01
3.774441473388613844e+01
3.774541473388613610e+01
3.774641473388613377e+01
3.774741473388613144e+01
3.774841473388612911e+01
3.774941473388612678e+01
3.775041473388612445e+01
3.775141473388612212e+01
3.775241473388611979e+01
3.775341473388611746e+01
3.775441473388611513e+01
3.775541473388611280e+01
3.775641473388611047e+01
3.775741473388610814e+01
3.775841473388610581e+01
